11111
11112
11113
11114
11121
11122
11123
11124
11131
11132
11133
11141
11142
11143
11211
11212
11213
11221
11222
11223
11231
11232
11233
11241
11242
11243
11244
11251
11252
11253
11254
11261
11262
11263
11311
11312
11313
11314
11315
11316
11321
11322
11323
11324
11331
11332
11333
11334
11335
11336
11341
11342
11343
11344
11345
11411
11412
11413
11414
11421
11422
11423
11424
11425
11426
11431
11432
11433
11434
11435
11511
11512
11513
11514
11521
11522
11523
11524
11531
11532
11533
11534
11535
11541
11542
11543
11551
11552
11553
12111
12112
12113
12114
12115
12121
12122
12123
12124
12125
12131
12132
12133
12134
12135
12211
12212
12213
12214
12215
12216
12221
12222
12223
12231
12232
12233
12234
12235
12236
12311
12312
12313
12314
12315
12321
12322
12323
12324
12325
12331
12332
12333
12334
12411
12412
12413
12421
12422
12423
12424
12431
12432
12433
12434
12435
12511
12512
12513
12514
12521
12522
12523
12531
12532
12533
12534
12535
12536
12611
12612
12613
12614
12615
12616
12621
12622
12623
12624
12625
12631
12632
12633
12634
12641
12642
12643
12644
12645
12651
12652
12653
12654
12655
13111
13112
13113
13121
13122
13123
13124
13131
13132
13133
13134
13141
13142
13143
13144
13151
13152
13153
13154
13155
13156
13211
13212
13213
13214
13215
13221
13222
13223
13224
13231
13232
13233
13234
13235
13241
13242
13243
13251
13252
13253
13254
13261
13262
13263
13311
13312
13313
13314
13315
13316
13321
13322
13323
13324
13325
13331
13332
13333
13341
13342
13343
13344
13351
13352
13353
13354
13355
13411
13412
13413
13414
13415
13416
13421
13422
13423
13424
13425
13426
13431
13432
13433
13434
13435
13436
13441
13442
13443
13444
21111
21112
21113
21114
21121
21122
21123
21124
21125
21131
21132
21133
21134
21135
21136
21141
21142
21143
21144
21145
21146
21211
21212
21213
21214
21221
21222
21223
21224
21231
21232
21233
21234
21235
21236
21241
21242
21243
21251
21252
21253
21311
21312
21313
21314
21321
21322
21323
21324
21331
21332
21333
21334
21335
21336
21411
21412
21413
21414
21415
21416
21421
21422
21423
21424
21425
21426
21431
21432
21433
21434
21435
21436
21511
21512
21513
21521
21522
21523
21531
21532
21533
21534
21535
21541
21542
21543
21544
21545
21551
21552
21553
22111
22112
22113
22114
22121
22122
22123
22124
22125
22126
22131
22132
22133
22141
22142
22143
22144
22145
22151
22152
22153
22154
22161
22162
22163
22211
22212
22213
22214
22221
22222
22223
22224
22231
22232
22233
22234
22235
22241
22242
22243
22244
22251
22252
22253
22311
22312
22313
22314
22315
22316
22321
22322
22323
22331
22332
22333
22341
22342
22343
22344
22345
22351
22352
22353
22354
22355
22411
22412
22413
22421
22422
22423
22424
22431
22432
22433
22441
22442
22443
22511
22512
22513
22521
22522
22523
22524
22531
22532
22533
22534
22541
22542
22543
22544
22545
22546
22551
22552
22553
22554
22561
22562
22563
22564
22565
23111
23112
23113
23114
23121
23122
23123
23124
23125
23131
23132
23133
23134
23135
23136
23141
23142
23143
23144
23145
23211
23212
23213
23214
23215
23216
23221
23222
23223
23231
23232
23233
23234
23241
23242
23243
23244
23251
23252
23253
23261
23262
23263
23264
23265
23311
23312
23313
23314
23321
23322
23323
23324
23331
23332
23333
23411
23412
23413
23421
23422
23423
23424
23431
23432
23433
23511
23512
23513
23514
23515
23521
23522
23523
23531
23532
23533
23534
23611
23612
23613
23614
23615
23616
23621
23622
23623
23624
23631
23632
23633
23634
23641
23642
23643
23644
23645
23646
23651
23652
23653
23654
